{
 "cells": [
  {
   "cell_type": "code",
   "execution_count": 1,
   "metadata": {},
   "outputs": [
    {
     "name": "stderr",
     "output_type": "stream",
     "text": [
      "In module 'Darwin':\n",
      "/Library/Developer/CommandLineTools/SDKs/MacOSX.sdk/usr/include/libkern/arm/OSByteOrder.h:14:1: error: '_OSSwapInt16' has different definitions in different modules; definition in module 'Darwin.libkern.OSByteOrder' first difference is return type is 'uint16_t' (aka 'unsigned short')\n",
      "uint16_t\n",
      "^~~~~~~~\n",
      "/Library/Developer/CommandLineTools/SDKs/MacOSX.sdk/usr/include/libkern/arm/_OSByteOrder.h:49:1: note: but in 'DarwinFoundation.OSByteOrder' found different return type '__uint16_t' (aka 'unsigned short')\n",
      "__uint16_t\n",
      "^~~~~~~~~~\n",
      "In module 'Darwin':\n",
      "/Library/Developer/CommandLineTools/SDKs/MacOSX.sdk/usr/include/libkern/arm/OSByteOrder.h:24:1: error: '_OSSwapInt32' has different definitions in different modules; definition in module 'Darwin.libkern.OSByteOrder' first difference is return type is 'uint32_t' (aka 'unsigned int')\n",
      "uint32_t\n",
      "^~~~~~~~\n",
      "/Library/Developer/CommandLineTools/SDKs/MacOSX.sdk/usr/include/libkern/arm/_OSByteOrder.h:59:1: note: but in 'DarwinFoundation.OSByteOrder' found different return type '__uint32_t' (aka 'unsigned int')\n",
      "__uint32_t\n",
      "^~~~~~~~~~\n",
      "In module 'Darwin':\n",
      "/Library/Developer/CommandLineTools/SDKs/MacOSX.sdk/usr/include/libkern/arm/OSByteOrder.h:40:1: error: '_OSSwapInt64' has different definitions in different modules; definition in module 'Darwin.libkern.OSByteOrder' first difference is return type is 'uint64_t' (aka 'unsigned long long')\n",
      "uint64_t\n",
      "^~~~~~~~\n",
      "/Library/Developer/CommandLineTools/SDKs/MacOSX.sdk/usr/include/libkern/arm/_OSByteOrder.h:75:1: note: but in 'DarwinFoundation.OSByteOrder' found different return type '__uint64_t' (aka 'unsigned long long')\n",
      "__uint64_t\n",
      "^~~~~~~~~~\n"
     ]
    },
    {
     "name": "stdout",
     "output_type": "stream",
     "text": [
      "Welcome to JupyROOT 6.30/04\n"
     ]
    }
   ],
   "source": [
    "import torch\n",
    "from ROOT import TMVA, TFile, TTree, TCut, gROOT, gPad, TCanvas\n",
    "from os.path import isfile"
   ]
  },
  {
   "cell_type": "code",
   "execution_count": 2,
   "metadata": {},
   "outputs": [],
   "source": [
    "# Setup TMVA\n",
    "TMVA.Tools.Instance()\n",
    "TMVA.PyMethodBase.PyInitialize()\n",
    "\n",
    "# create factory\n",
    "outputFile = TFile.Open('dataset/rootFile/TMVA.root', 'RECREATE')\n",
    "factory = TMVA.Factory('TMVAClassification',outputFile,\n",
    "    '!V:!Silent:Color:DrawProgressBar:Transformations=D,G:AnalysisType=multiclass')"
   ]
  },
  {
   "cell_type": "code",
   "execution_count": 3,
   "metadata": {},
   "outputs": [],
   "source": [
    "keys = [\n",
    "    \"bbgg_mass\",\n",
    "    \"dibjet_pt\",\n",
    "    \"diphoton_pt\",\n",
    "    \"bbgg_pt\",\n",
    "    \"bbgg_eta\",\n",
    "    \"bbgg_phi\",\n",
    "    \"lead_pho_eta\",\n",
    "    \"lead_pho_phi\",\n",
    "    \"sublead_pho_eta\",\n",
    "    \"sublead_pho_phi\",\n",
    "    \"diphoton_eta\",\n",
    "    \"diphoton_phi\",\n",
    "    \"dibjet_eta\",\n",
    "    \"dibjet_phi\",\n",
    "    \"sublead_bjet_pt\",\n",
    "    \"lead_bjet_phi\",\n",
    "    \"sublead_bjet_eta\",\n",
    "    \"sublead_bjet_phi\",\n",
    "    \"sublead_bjet_PNetB\",\n",
    "    \"lead_bjet_PNetB\",\n",
    "    \"CosThetaStar_gg\",\n",
    "    \"CosThetaStar_jj\",\n",
    "    \"CosThetaStar_CS\",\n",
    "    \"DeltaR_jg_min\",\n",
    "    \"pholead_PtOverM\",\n",
    "    \"phosublead_PtOverM\",\n",
    "    \"FirstJet_PtOverM\",\n",
    "    \"SecondJet_PtOverM\",\n",
    "    \"diphoton_bbgg_mass\",\n",
    "    \"dibjet_bbgg_mass\",\n",
    "]"
   ]
  },
  {
   "cell_type": "code",
   "execution_count": 4,
   "metadata": {},
   "outputs": [
    {
     "name": "stdout",
     "output_type": "stream",
     "text": [
      "DataSetInfo              : [dataset] : Added class \"Signal\"\n",
      "                         : Add Tree preselection of type Signal with 131972 events\n",
      "DataSetInfo              : [dataset] : Added class \"Background\"\n",
      "                         : Add Tree preselection of type Background with 46802 events\n",
      "                         : Add Tree preselection of type Background with 9867 events\n",
      "                         : Add Tree preselection of type Background with 41966 events\n",
      "                         : Dataset[dataset] : Class index : 0  name : Signal\n",
      "                         : Dataset[dataset] : Class index : 1  name : Background\n"
     ]
    }
   ],
   "source": [
    "# Load data\n",
    "data = TFile.Open('../../outputfiles/hhbbgg_analyzer-trees.root')\n",
    "signal = data.Get('GluGluToHH/preselection')\n",
    "backgrounds = [\n",
    "    data.Get(\"GGJets/preselection\"),\n",
    "    data.Get(\"GJetPt20To40/preselection\"),\n",
    "    data.Get(\"GJetPt40/preselection\"),\n",
    "]\n",
    "dataloader = TMVA.DataLoader('dataset')\n",
    "for key in keys:\n",
    "    dataloader.AddVariable(key)\n",
    "\n",
    "dataloader.AddSignalTree(signal, 1.0)\n",
    "dataloader.SetSignalWeightExpression(\"weight_preselection\")\n",
    "\n",
    "for background in backgrounds:\n",
    "    dataloader.AddBackgroundTree(background, 1.0)\n",
    "dataloader.PrepareTrainingAndTestTree(\n",
    "    TCut(\"\"),\n",
    "    \"nTrain_Signal=10000:nTrain_Background=10000:SplitMode=Random:NormMode=NumEvents:!V\",\n",
    ")\n",
    "dataloader.SetBackgroundWeightExpression(\"weight_preselection\")\n"
   ]
  },
  {
   "cell_type": "code",
   "execution_count": 5,
   "metadata": {},
   "outputs": [],
   "source": [
    "# Define model\n",
    "model = torch.nn.Sequential()\n",
    "model.add_module('linear_1', torch.nn.Linear(in_features=len(keys), out_features=64))\n",
    "model.add_module('relu', torch.nn.ReLU())\n",
    "model.add_module('linear_2', torch.nn.Linear(in_features=64, out_features=2))\n",
    "model.add_module('softmax', torch.nn.Softmax(dim=1))\n"
   ]
  },
  {
   "cell_type": "code",
   "execution_count": 6,
   "metadata": {},
   "outputs": [],
   "source": [
    "# Set loss and optimizer\n",
    "loss = torch.nn.CrossEntropyLoss()\n",
    "# loss = torch.nn.MSELoss()\n",
    "optimizer = torch.optim.SGD"
   ]
  },
  {
   "cell_type": "code",
   "execution_count": 7,
   "metadata": {},
   "outputs": [],
   "source": [
    "# Define train function\n",
    "def train(model, train_loader, val_loader, num_epochs, batch_size, optimizer, criterion, save_best, scheduler):\n",
    "    trainer = optimizer(model.parameters(), lr=0.01)\n",
    "    schedule, schedulerSteps = scheduler\n",
    "    best_val = None\n",
    "\n",
    "    for epoch in range(num_epochs):\n",
    "        # Training Loop\n",
    "        # Set to train mode\n",
    "        model.train()\n",
    "        running_train_loss = 0.0\n",
    "        running_val_loss = 0.0\n",
    "        for i, (X, y) in enumerate(train_loader):\n",
    "            trainer.zero_grad()\n",
    "            output = model(X)\n",
    "            target = torch.max(y, 1)[1]\n",
    "            train_loss = criterion(output, target)\n",
    "            train_loss.backward()\n",
    "            trainer.step()\n",
    "\n",
    "            # print train statistics\n",
    "            running_train_loss += train_loss.item()\n",
    "            if i % 32 == 31:    # print every 32 mini-batches\n",
    "                print(\"[{}, {}] train loss: {:.3f}\".format(epoch+1, i+1, running_train_loss / 32))\n",
    "                running_train_loss = 0.0\n",
    "\n",
    "        if schedule:\n",
    "            schedule(optimizer, epoch, schedulerSteps)\n",
    "\n",
    "        # Validation Loop\n",
    "        # Set to eval mode\n",
    "        model.eval()\n",
    "        with torch.no_grad():\n",
    "            for i, (X, y) in enumerate(val_loader):\n",
    "                output = model(X)\n",
    "                target = torch.max(y, 1)[1]\n",
    "                val_loss = criterion(output, target)\n",
    "                running_val_loss += val_loss.item()\n",
    "\n",
    "            curr_val = running_val_loss / len(val_loader)\n",
    "            if save_best:\n",
    "               if best_val==None:\n",
    "                   best_val = curr_val\n",
    "               best_val = save_best(model, curr_val, best_val)\n",
    "\n",
    "            # print val statistics per epoch\n",
    "            print(\"[{}] val loss: {:.3f}\".format(epoch+1, curr_val))\n",
    "            running_val_loss = 0.0\n",
    "\n",
    "    print(\"Finished Training on {} Epochs!\".format(epoch+1))\n",
    "\n",
    "    return model"
   ]
  },
  {
   "cell_type": "code",
   "execution_count": 8,
   "metadata": {},
   "outputs": [],
   "source": [
    "# Define predict function\n",
    "def predict(model, test_X, batch_size=32):\n",
    "    # Set to eval mode\n",
    "    model.eval()\n",
    "\n",
    "    test_dataset = torch.utils.data.TensorDataset(torch.Tensor(test_X))\n",
    "    test_loader = torch.utils.data.DataLoader(test_dataset, batch_size=batch_size, shuffle=False)\n",
    "\n",
    "    predictions = []\n",
    "    with torch.no_grad():\n",
    "        for i, data in enumerate(test_loader):\n",
    "            X = data[0]\n",
    "            outputs = model(X)\n",
    "            predictions.append(outputs)\n",
    "        preds = torch.cat(predictions)\n",
    "\n",
    "    return preds.numpy()\n"
   ]
  },
  {
   "cell_type": "code",
   "execution_count": 9,
   "metadata": {},
   "outputs": [],
   "source": [
    "load_model_custom_objects = {\"optimizer\": optimizer, \"criterion\": loss, \"train_func\": train, \"predict_func\": predict}"
   ]
  },
  {
   "cell_type": "code",
   "execution_count": 10,
   "metadata": {},
   "outputs": [
    {
     "name": "stdout",
     "output_type": "stream",
     "text": [
      "RecursiveScriptModule(\n",
      "  original_name=Sequential\n",
      "  (linear_1): RecursiveScriptModule(original_name=Linear)\n",
      "  (relu): RecursiveScriptModule(original_name=ReLU)\n",
      "  (linear_2): RecursiveScriptModule(original_name=Linear)\n",
      "  (softmax): RecursiveScriptModule(original_name=Softmax)\n",
      ")\n"
     ]
    }
   ],
   "source": [
    "# Store model to file\n",
    "# Convert the model to torchscript before saving\n",
    "m = torch.jit.script(model)\n",
    "torch.jit.save(m, \"modelFile/modelMultiClass.pt\")\n",
    "print(m)\n"
   ]
  },
  {
   "cell_type": "code",
   "execution_count": 11,
   "metadata": {},
   "outputs": [
    {
     "name": "stdout",
     "output_type": "stream",
     "text": [
      "custom objects for loading model :  {'optimizer': <class 'torch.optim.sgd.SGD'>, 'criterion': CrossEntropyLoss(), 'train_func': <function train at 0x17e18f6d0>, 'predict_func': <function predict at 0x17e18fbe0>}\n"
     ]
    },
    {
     "data": {
      "text/plain": [
       "<cppyy.gbl.TMVA.MethodPyTorch object at 0x117275e00>"
      ]
     },
     "execution_count": 11,
     "metadata": {},
     "output_type": "execute_result"
    },
    {
     "name": "stdout",
     "output_type": "stream",
     "text": [
      "Factory                  : Booking method: \u001b[1mBDTG\u001b[0m\n",
      "                         : \n",
      "                         : the option NegWeightTreatment=InverseBoostNegWeights does not exist for BoostType=Grad\n",
      "                         : --> change to new default NegWeightTreatment=Pray\n",
      "                         : Rebuilding Dataset dataset\n",
      "                         : Building event vectors for type 2 Signal\n",
      "                         : Dataset[dataset] :  create input formulas for tree preselection\n",
      "                         : Building event vectors for type 2 Background\n",
      "                         : Dataset[dataset] :  create input formulas for tree preselection\n",
      "                         : Building event vectors for type 2 Background\n",
      "                         : Dataset[dataset] :  create input formulas for tree preselection\n",
      "                         : Building event vectors for type 2 Background\n",
      "                         : Dataset[dataset] :  create input formulas for tree preselection\n",
      "DataSetFactory           : [dataset] : Number of events in input trees\n",
      "                         : \n",
      "                         : \n",
      "                         : Number of training and testing events\n",
      "                         : ---------------------------------------------------------------------------\n",
      "                         : Signal     -- training events            : 10000\n",
      "                         : Signal     -- testing events             : 121972\n",
      "                         : Signal     -- training and testing events: 131972\n",
      "                         : Background -- training events            : 10000\n",
      "                         : Background -- testing events             : 88635\n",
      "                         : Background -- training and testing events: 98635\n",
      "                         : \n",
      "DataSetInfo              : Correlation matrix (Signal):\n",
      "                         : ------------------------------------------------------------------------------------------------------------------------------------------------------------------------------------------------------------------------------------------------------------------------------------------------------------------------------------------------------------------------------------------------------------------------------------------------------------------\n",
      "                         :                     bbgg_mass dibjet_pt diphoton_pt bbgg_pt bbgg_eta bbgg_phi lead_pho_eta lead_pho_phi sublead_pho_eta sublead_pho_phi diphoton_eta diphoton_phi dibjet_eta dibjet_phi sublead_bjet_pt lead_bjet_phi sublead_bjet_eta sublead_bjet_phi sublead_bjet_PNetB lead_bjet_PNetB CosThetaStar_gg CosThetaStar_jj CosThetaStar_CS DeltaR_jg_min pholead_PtOverM phosublead_PtOverM FirstJet_PtOverM SecondJet_PtOverM diphoton_bbgg_mass dibjet_bbgg_mass\n",
      "                         :          bbgg_mass:    +1.000    +0.806      +0.749  +0.142   +0.008   -0.021       -0.005       +0.005          +0.005          -0.008       +0.001       +0.003     +0.026     -0.013          +0.467        -0.007           +0.008           -0.019             +0.107          +0.073          -0.011          +0.033          -0.022        +0.523          +0.686             +0.480           +0.673            +0.379             +0.142           +0.361\n",
      "                         :          dibjet_pt:    +0.806    +1.000      +0.678  +0.095   -0.002   -0.020       -0.006       +0.000          +0.008          +0.006       +0.002       +0.002     +0.012     -0.010          +0.561        -0.005           -0.001           -0.017             +0.170          +0.157          -0.017          +0.019          -0.012        +0.419          +0.609             +0.423           +0.839            +0.490             +0.189           +0.809\n",
      "                         :        diphoton_pt:    +0.749    +0.678      +1.000  +0.354   +0.001   -0.035       -0.000       -0.009          +0.006          -0.007       +0.004       -0.011     +0.010     -0.004          +0.380        -0.002           -0.007           -0.016             +0.076          +0.063          -0.007          +0.028          -0.008        +0.415          +0.894             +0.612           +0.586            +0.364             +0.727           +0.354\n",
      "                         :            bbgg_pt:    +0.142    +0.095      +0.354  +1.000   +0.025   -0.029       +0.017       -0.017          +0.028          -0.024       +0.022       -0.027     +0.014     -0.012          +0.035        -0.018           +0.011           -0.007             -0.067          -0.090          -0.006          +0.013          +0.007        -0.092          +0.341             +0.203           +0.088            +0.029             +0.413           +0.022\n",
      "                         :           bbgg_eta:    +0.008    -0.002      +0.001  +0.025   +1.000   -0.010       +0.731       -0.016          +0.656          -0.021       +0.742       -0.017     +0.707     +0.014          -0.009        +0.010           +0.599           +0.006             +0.008          -0.009          +0.215          +0.262          +0.017        +0.007          -0.003             +0.008           +0.000            -0.010             -0.003           -0.007\n",
      "                         :           bbgg_phi:    -0.021    -0.020      -0.035  -0.029   -0.010   +1.000       -0.011       +0.272          -0.027          +0.144       -0.021       +0.292     -0.008     -0.031          -0.015        -0.025           -0.003           -0.023             -0.011          +0.018          +0.013          +0.005          -0.010        -0.006          -0.037             -0.014           -0.013            -0.012             -0.028           -0.006\n",
      "                         :       lead_pho_eta:    -0.005    -0.006      -0.000  +0.017   +0.731   -0.011       +1.000       -0.014          +0.620          -0.010       +0.922       -0.022     +0.334     -0.001          +0.009        +0.006           +0.298           -0.000             -0.007          -0.008          +0.556          +0.133          +0.506        -0.004          -0.008             +0.010           -0.014            +0.004             +0.002           -0.004\n",
      "                         :       lead_pho_phi:    +0.005    +0.000      -0.009  -0.017   -0.016   +0.272       -0.014       +1.000          -0.028          +0.121       -0.021       +0.686     -0.011     -0.395          +0.010        -0.381           -0.010           -0.240             -0.002          +0.022          +0.009          -0.004          -0.007        +0.006          -0.012             +0.000           +0.004            +0.009             -0.019           -0.009\n",
      "                         :    sublead_pho_eta:    +0.005    +0.008      +0.006  +0.028   +0.656   -0.027       +0.620       -0.028          +1.000          -0.021       +0.819       -0.030     +0.306     +0.010          +0.011        +0.013           +0.262           +0.013             +0.008          +0.013          -0.264          +0.133          +0.442        -0.012          +0.004             +0.014           +0.003            +0.008             +0.002           +0.006\n",
      "                         :    sublead_pho_phi:    -0.008    +0.006      -0.007  -0.024   -0.021   +0.144       -0.010       +0.121          -0.021          +1.000       -0.013       +0.326     -0.022     -0.299          -0.003        -0.269           -0.028           -0.183             -0.016          +0.012          +0.007          +0.009          +0.006        -0.003          -0.002             -0.019           +0.016            -0.001             -0.006           +0.014\n",
      "                         :       diphoton_eta:    +0.001    +0.002      +0.004  +0.022   +0.742   -0.021       +0.922       -0.021          +0.819          -0.013       +1.000       -0.028     +0.314     +0.001          +0.009        +0.004           +0.282           +0.004             -0.008          -0.001          +0.260          +0.127          +0.552        -0.007          -0.002             +0.012           -0.006            +0.004             +0.004           +0.002\n",
      "                         :       diphoton_phi:    +0.003    +0.002      -0.011  -0.027   -0.017   +0.292       -0.022       +0.686          -0.030          +0.326       -0.028       +1.000     -0.008     -0.420          +0.009        -0.400           -0.013           -0.262             -0.005          +0.019          +0.003          +0.005          -0.016        +0.007          -0.012             -0.003           +0.002            +0.009             -0.022           -0.006\n",
      "                         :         dibjet_eta:    +0.026    +0.012      +0.010  +0.014   +0.707   -0.008       +0.334       -0.011          +0.306          -0.022       +0.314       -0.008     +1.000     +0.011          -0.007        +0.001           +0.762           +0.005             +0.017          -0.003          +0.094          +0.308          -0.529        +0.024          +0.006             +0.013           +0.020            -0.006             -0.004           +0.000\n",
      "                         :         dibjet_phi:    -0.013    -0.010      -0.004  -0.012   +0.014   -0.031       -0.001       -0.395          +0.010          -0.299       +0.001       -0.420     +0.011     +1.000          +0.001        +0.726           +0.017           +0.254             -0.003          -0.013          -0.012          -0.002          -0.007        +0.001          -0.003             -0.002           -0.014            +0.003             +0.004           +0.001\n",
      "                         :    sublead_bjet_pt:    +0.467    +0.561      +0.380  +0.035   -0.009   -0.015       +0.009       +0.010          +0.011          -0.003       +0.009       +0.009     -0.007     +0.001          +1.000        -0.004           -0.010           +0.003             +0.304          +0.082          +0.005          -0.006          +0.018        +0.327          +0.340             +0.250           +0.163            +0.923             +0.080           +0.428\n",
      "                         :      lead_bjet_phi:    -0.007    -0.005      -0.002  -0.018   +0.010   -0.025       +0.006       -0.381          +0.013          -0.269       +0.004       -0.400     +0.001     +0.726          -0.004        +1.000           +0.009           +0.085             +0.000          -0.010          -0.009          -0.007          +0.004        +0.003          -0.002             -0.001           -0.007            -0.006             +0.002           +0.002\n",
      "                         :   sublead_bjet_eta:    +0.008    -0.001      -0.007  +0.011   +0.599   -0.003       +0.298       -0.010          +0.262          -0.028       +0.282       -0.013     +0.762     +0.017          -0.010        +0.009           +1.000           +0.009             +0.003          -0.002          +0.093          -0.268          -0.412        +0.006          -0.012             +0.003           +0.004            -0.012             -0.011           -0.006\n",
      "                         :   sublead_bjet_phi:    -0.019    -0.017      -0.016  -0.007   +0.006   -0.023       -0.000       -0.240          +0.013          -0.183       +0.004       -0.262     +0.005     +0.254          +0.003        +0.085           +0.009           +1.000             +0.002          -0.008          -0.013          -0.005          -0.001        -0.004          -0.015             -0.011           -0.013            +0.008             -0.004           -0.005\n",
      "                         : sublead_bjet_PNetB:    +0.107    +0.170      +0.076  -0.067   +0.008   -0.011       -0.007       -0.002          +0.008          -0.016       -0.008       -0.005     +0.017     -0.003          +0.304        +0.000           +0.003           +0.002             +1.000          +0.051          -0.010          +0.015          -0.016        +0.139          +0.066             +0.048           +0.084            +0.324             -0.000           +0.174\n",
      "                         :    lead_bjet_PNetB:    +0.073    +0.157      +0.063  -0.090   -0.009   +0.018       -0.008       +0.022          +0.013          +0.012       -0.001       +0.019     -0.003     -0.013          +0.082        -0.010           -0.002           -0.008             +0.051          +1.000          -0.025          -0.010          -0.005        +0.064          +0.039             +0.050           +0.142            +0.073             +0.018           +0.197\n",
      "                         :    CosThetaStar_gg:    -0.011    -0.017      -0.007  -0.006   +0.215   +0.013       +0.556       +0.009          -0.264          +0.007       +0.260       +0.003     +0.094     -0.012          +0.005        -0.009           +0.093           -0.013             -0.010          -0.025          +1.000          +0.032          +0.148        +0.007          -0.013             -0.001           -0.025            +0.002             -0.002           -0.013\n",
      "                         :    CosThetaStar_jj:    +0.033    +0.019      +0.028  +0.013   +0.262   +0.005       +0.133       -0.004          +0.133          +0.009       +0.127       +0.005     +0.308     -0.002          -0.006        -0.007           -0.268           -0.005             +0.015          -0.010          +0.032          +1.000          -0.162        +0.024          +0.023             +0.025           +0.029            -0.002             +0.008           -0.001\n",
      "                         :    CosThetaStar_CS:    -0.022    -0.012      -0.008  +0.007   +0.017   -0.010       +0.506       -0.007          +0.442          +0.006       +0.552       -0.016     -0.529     -0.007          +0.018        +0.004           -0.412           -0.001             -0.016          -0.005          +0.148          -0.162          +1.000        -0.027          -0.009             +0.002           -0.026            +0.014             +0.005           -0.003\n",
      "                         :      DeltaR_jg_min:    +0.523    +0.419      +0.415  -0.092   +0.007   -0.006       -0.004       +0.006          -0.012          -0.003       -0.007       +0.007     +0.024     +0.001          +0.327        +0.003           +0.006           -0.004             +0.139          +0.064          +0.007          +0.024          -0.027        +1.000          +0.286             +0.317           +0.294            +0.355             +0.130           +0.219\n",
      "                         :    pholead_PtOverM:    +0.686    +0.609      +0.894  +0.341   -0.003   -0.037       -0.008       -0.012          +0.004          -0.002       -0.002       -0.012     +0.006     -0.003          +0.340        -0.002           -0.012           -0.015             +0.066          +0.039          -0.013          +0.023          -0.009        +0.286          +1.000             +0.274           +0.533            +0.324             +0.612           +0.294\n",
      "                         : phosublead_PtOverM:    +0.480    +0.423      +0.612  +0.203   +0.008   -0.014       +0.010       +0.000          +0.014          -0.019       +0.012       -0.003     +0.013     -0.002          +0.250        -0.001           +0.003           -0.011             +0.048          +0.050          -0.001          +0.025          +0.002        +0.317          +0.274             +1.000           +0.365            +0.243             +0.406           +0.197\n",
      "                         :   FirstJet_PtOverM:    +0.673    +0.839      +0.586  +0.088   +0.000   -0.013       -0.014       +0.004          +0.003          +0.016       -0.006       +0.002     +0.020     -0.014          +0.163        -0.007           +0.004           -0.013             +0.084          +0.142          -0.025          +0.029          -0.026        +0.294          +0.533             +0.365           +1.000            +0.205             +0.185           +0.674\n",
      "                         :  SecondJet_PtOverM:    +0.379    +0.490      +0.364  +0.029   -0.010   -0.012       +0.004       +0.009          +0.008          -0.001       +0.004       +0.009     -0.006     +0.003          +0.923        -0.006           -0.012           +0.008             +0.324          +0.073          +0.002          -0.002          +0.014        +0.355          +0.324             +0.243           +0.205            +1.000             +0.146           +0.400\n",
      "                         : diphoton_bbgg_mass:    +0.142    +0.189      +0.727  +0.413   -0.003   -0.028       +0.002       -0.019          +0.002          -0.006       +0.004       -0.022     -0.004     +0.004          +0.080        +0.002           -0.011           -0.004             -0.000          +0.018          -0.002          +0.008          +0.005        +0.130          +0.612             +0.406           +0.185            +0.146             +1.000           +0.149\n",
      "                         :   dibjet_bbgg_mass:    +0.361    +0.809      +0.354  +0.022   -0.007   -0.006       -0.004       -0.009          +0.006          +0.014       +0.002       -0.006     +0.000     +0.001          +0.428        +0.002           -0.006           -0.005             +0.174          +0.197          -0.013          -0.001          -0.003        +0.219          +0.294             +0.197           +0.674            +0.400             +0.149           +1.000\n",
      "                         : ------------------------------------------------------------------------------------------------------------------------------------------------------------------------------------------------------------------------------------------------------------------------------------------------------------------------------------------------------------------------------------------------------------------------------------------------------------------\n",
      "DataSetInfo              : Correlation matrix (Background):\n",
      "                         : ------------------------------------------------------------------------------------------------------------------------------------------------------------------------------------------------------------------------------------------------------------------------------------------------------------------------------------------------------------------------------------------------------------------------------------------------------------------\n",
      "                         :                     bbgg_mass dibjet_pt diphoton_pt bbgg_pt bbgg_eta bbgg_phi lead_pho_eta lead_pho_phi sublead_pho_eta sublead_pho_phi diphoton_eta diphoton_phi dibjet_eta dibjet_phi sublead_bjet_pt lead_bjet_phi sublead_bjet_eta sublead_bjet_phi sublead_bjet_PNetB lead_bjet_PNetB CosThetaStar_gg CosThetaStar_jj CosThetaStar_CS DeltaR_jg_min pholead_PtOverM phosublead_PtOverM FirstJet_PtOverM SecondJet_PtOverM diphoton_bbgg_mass dibjet_bbgg_mass\n",
      "                         :          bbgg_mass:    +1.000    +0.497      +0.522  +0.254   +0.020   -0.030       -0.003       +0.010          -0.008          -0.014       -0.001       +0.006     +0.041     -0.020          +0.245        -0.005           +0.023           +0.021             -0.006          +0.005          +0.005          +0.015          -0.023        +0.383          +0.224             +0.078           +0.398            +0.062             +0.050           +0.053\n",
      "                         :          dibjet_pt:    +0.497    +1.000      +0.648  +0.472   +0.017   -0.009       +0.012       +0.004          +0.011          -0.000       +0.017       +0.001     +0.004     -0.024          +0.302        -0.019           -0.010           +0.008             +0.005          -0.002          +0.001          +0.022          +0.006        +0.124          +0.419             +0.056           +0.839            +0.196             +0.400           +0.820\n",
      "                         :        diphoton_pt:    +0.522    +0.648      +1.000  +0.457   +0.021   -0.011       +0.013       -0.008          +0.015          +0.001       +0.017       -0.011     +0.013     -0.014          +0.239        -0.013           +0.004           -0.001             +0.006          +0.028          +0.003          +0.015          -0.002        +0.146          +0.684             +0.039           +0.546            +0.165             +0.811           +0.418\n",
      "                         :            bbgg_pt:    +0.254    +0.472      +0.457  +1.000   +0.012   -0.007       +0.009       -0.002          +0.006          +0.002       +0.013       -0.005     +0.004     -0.016          +0.123        -0.019           -0.002           -0.015             +0.030          +0.064          +0.005          +0.012          +0.008        +0.012          +0.336             +0.081           +0.405            +0.066             +0.406           +0.407\n",
      "                         :           bbgg_eta:    +0.020    +0.017      +0.021  +0.012   +1.000   -0.002       +0.730       -0.002          +0.683          +0.003       +0.763       -0.001     +0.489     -0.004          +0.019        -0.009           +0.259           +0.025             +0.001          -0.006          +0.206          +0.187          +0.284        +0.001          +0.009             +0.009           +0.006            +0.007             +0.009           +0.006\n",
      "                         :           bbgg_phi:    -0.030    -0.009      -0.011  -0.007   -0.002   +1.000       -0.007       +0.229          +0.003          -0.086       +0.000       +0.282     -0.000     +0.221          -0.001        +0.181           -0.011           -0.021             -0.012          +0.007          -0.010          +0.012          -0.008        -0.017          -0.004             +0.035           -0.003            -0.001             +0.004           +0.010\n",
      "                         :       lead_pho_eta:    -0.003    +0.012      +0.013  +0.009   +0.730   -0.007       +1.000       -0.002          +0.622          +0.007       +0.876       -0.014     +0.078     +0.002          +0.016        -0.009           +0.020           +0.013             +0.002          +0.000          +0.597          +0.077          +0.659        -0.023          +0.011             +0.007           -0.002            +0.008             +0.013           +0.015\n",
      "                         :       lead_pho_phi:    +0.010    +0.004      -0.008  -0.002   -0.002   +0.229       -0.002       +1.000          +0.006          -0.374       +0.003       +0.598     +0.002     -0.207          -0.004        -0.191           -0.010           -0.057             -0.012          +0.014          -0.006          +0.019          -0.004        -0.007          -0.018             +0.038           -0.012            -0.011             -0.011           +0.006\n",
      "                         :    sublead_pho_eta:    -0.008    +0.011      +0.015  +0.006   +0.683   +0.003       +0.622       +0.006          +1.000          +0.001       +0.805       -0.006     +0.090     +0.005          +0.009        -0.005           +0.015           +0.008             +0.009          -0.001          -0.237          +0.090          +0.603        -0.031          +0.012             +0.009           -0.007            +0.001             +0.016           +0.013\n",
      "                         :    sublead_pho_phi:    -0.014    -0.000      +0.001  +0.002   +0.003   -0.086       +0.007       -0.374          +0.001          +1.000       +0.005       -0.231     -0.009     +0.043          -0.002        +0.037           -0.007           -0.014             +0.027          -0.007          +0.007          +0.006          +0.006        +0.008          +0.014             -0.025           -0.002            -0.007             +0.004           -0.003\n",
      "                         :       diphoton_eta:    -0.001    +0.017      +0.017  +0.013   +0.763   +0.000       +0.876       +0.003          +0.805          +0.005       +1.000       -0.005     +0.079     +0.001          +0.012        -0.016           +0.011           +0.014             +0.007          -0.001          +0.237          +0.081          +0.686        -0.030          +0.011             +0.001           -0.000            +0.002             +0.019           +0.019\n",
      "                         :       diphoton_phi:    +0.006    +0.001      -0.011  -0.005   -0.001   +0.282       -0.014       +0.598          -0.006          -0.231       -0.005       +1.000     +0.014     -0.250          -0.011        -0.214           -0.001           -0.064             +0.018          -0.001          -0.008          +0.018          -0.014        +0.009          -0.014             +0.021           -0.011            -0.023             -0.014           -0.000\n",
      "                         :         dibjet_eta:    +0.041    +0.004      +0.013  +0.004   +0.489   -0.000       +0.078       +0.002          +0.090          -0.009       +0.079       +0.014     +1.000     -0.015          +0.007        +0.000           +0.516           +0.031             -0.012          -0.004          +0.013          +0.190          -0.453        +0.031          -0.002             +0.003           +0.001            +0.002             -0.004           -0.012\n",
      "                         :         dibjet_phi:    -0.020    -0.024      -0.014  -0.016   -0.004   +0.221       +0.002       -0.207          +0.005          +0.043       +0.001       -0.250     -0.015     +1.000          -0.001        +0.591           +0.001           -0.054             -0.014          -0.001          -0.001          -0.017          +0.002        -0.010          +0.002             -0.004           +0.003            +0.018             -0.006           -0.018\n",
      "                         :    sublead_bjet_pt:    +0.245    +0.302      +0.239  +0.123   +0.019   -0.001       +0.016       -0.004          +0.009          -0.002       +0.012       -0.011     +0.007     -0.001          +1.000        +0.002           +0.014           +0.020             -0.024          -0.031          +0.015          -0.003          +0.008        +0.062          +0.170             +0.043           +0.206            +0.727             +0.122           +0.205\n",
      "                         :      lead_bjet_phi:    -0.005    -0.019      -0.013  -0.019   -0.009   +0.181       -0.009       -0.191          -0.005          +0.037       -0.016       -0.214     +0.000     +0.591          +0.002        +1.000           -0.001           -0.244             +0.000          +0.010          -0.001          -0.007          -0.019        +0.013          +0.009             -0.001           -0.002            +0.008             -0.014           -0.020\n",
      "                         :   sublead_bjet_eta:    +0.023    -0.010      +0.004  -0.002   +0.259   -0.011       +0.020       -0.010          +0.015          -0.007       +0.011       -0.001     +0.516     +0.001          +0.014        -0.001           +1.000           +0.023             -0.002          -0.003          +0.015          -0.648          -0.311        +0.042          -0.011             -0.009           -0.007            +0.011             -0.005           -0.022\n",
      "                         :   sublead_bjet_phi:    +0.021    +0.008      -0.001  -0.015   +0.025   -0.021       +0.013       -0.057          +0.008          -0.014       +0.014       -0.064     +0.031     -0.054          +0.020        -0.244           +0.023           +1.000             -0.013          -0.001          +0.008          +0.003          -0.002        +0.010          +0.008             -0.016           +0.006            +0.020             -0.012           -0.002\n",
